
state={
	id=1
	name="STATE_1"

	history={
		buildings = {
			infrastructure = 2

		}

	}

	provinces={
		1 2 4 8 9 10 11 12 13 14 15 17 18 19 21 22 23 24 25 26 27 28 31 33 36 37 38 39 41 42 43 44 45 46 47 48 49 50 51 52 55 57 58 59 60 61 62 64 65 66 67 68 69 70 72 74 75 78 79 80 82 83 84 86 87 88 90 91 92 93 94 95 96 97 98 100 101 103 105 106 107 108 109 111 112 113 114 115 116 117 118 119 121 124 125 126 128 129 130 131 132 135 136 138 139 140 141 142 143 144 145 147 149 150 151 152 153 154 155 156 157 158 159 161 162 163 165 166 167 168 169 170 172 173 174 175 176 178 180 181 182 183 186 188 189 190 191 192 194 195 197 198 199 200 202 203 204 205 207 208 209 211 213 214 215 216 217 221 223 224 226 227 228 229 230 231 232 234 235 236 241 242 243 245 247 249 250 252 253 254 258 259 260 261 262 264 265 266 267 268 269 271 272 274 276 277 278 279 282 284 285 288 289 290 291 292 293 294 295 300 302 303 304 306 307 309 310 312 313 315 316 317 318 319 320 321 322 323 324 325 326 327 329 331 334 335 336 338 341 342 344 345 347 349 350 351 352 353 354 357 358 359 360 362 363 366 367 370 371 372 373 375 376 377 379 380 381 383 384 387 388 389 390 391 392 393 394 395 396 398 400 401 402 405 406 407 410 412 413 414 415 416 418 419 420 422 426 427 429 430 431 432 434 435 437 439 441 442 444 445 446 447 448 449 450 451 452 453 454 455 456 457 458 459 462 463 464 466 467 469 470 471 472 473 474 476 477 478 479 480 481 482 483 484 485 491 492 493 496 498 500 501 504 505 506 507 510 512 513 514 515 517 518 521 522 524 525 526 527 529 531 532 533 534 537 538 539 540 541 542 545 549 550 551 552 553 554 555 556 557 558 560 562 563 564 567 569 571 572 573 575 576 577 578 579 581 582 584 585 586 588 589 592 593 596 597 598 599 600 603 604 605 606 608 609 610 611 612 613 614 615 616 618 619 620 621 622 623 625 626 627 630 631 632 633 634 636 638 639 640 641 642 644 645 646 647 648 649 650 651 653 655 656 657 658 659 660 661 662 664 665 666 668 669 670 671 672 674 675 678 679 680 683 684 687 688 689 690 692 693 694 697 698 699 700 701 702 704 705 707 708 710 711 712 713 714 718 719 720 721 723 724 725 727 728 729 730 731 732 733 734 735 737 738 739 740 741 742 743 745 746 748 749 750 753 754 755 756 757 758 760 761 763 764 766 767 768 770 771 774 777 778 779 780 781 782 783 784 787 788 790 792 793 794 795 796 798 801 802 803 804 805 806 807 809 810 811 813 815 817 820 821 822 823 824 826 828 829 830 831 832 833 834 835 836 837 838 839 840 841 844 845 847 849 852 853 856 858 861 867 872 873 874 875 877 880 883 884 886 889 890 891 892 894 895 896 897 898 900 901 903 905 906 907 908 909 911 912 913 914 916 919 922 923 928 930 931 932 933 934 936 939 941 942 943 944 945 946 947 948 949 952 953 954 955 956 957 959 960 961 962 965 967 968 969 971 972 973 976 977 978 979 980 981 982 983 986 987 989 990 991 992 993 994 995 997 998 999 1000 1001 1002 1003 1004 1006 1007 1008 1011 1012 1013 1017 1018 1019 1020 1022 1023 1025 1026 1027 1028 1029 1030 1033 1034 1035 1038 1039 1040 1042 1043 1044 1045 1047 1050 1052 1053 1055 1056 1058 1061 1062 1065 1066 1067 1070 1071 1073 1074 1076 1077 1078 1081 1082 1083 1085 1087 1088 1089 1090 1091 1092 1093 1094 1095 1097 1099 1100 1103 1104 1105 1106 1107 1108 1109 1111 1113 1115 1116 1118 1119 1120 1122 1124 1126 1127 1128 1129 1131 1132 1133 1134 1136 1137 1138 1139 1141 1144 1145 1146 1147 1148 1150 1151 1152 1153 1155 1156 1157 1158 1159 1160 1161 1163 1164 1165 1166 1167 1168 1169 1171 1172 1174 1175 1176 1177 1178 1179 1180 1181 1182 1183 1184 1185 1186 1187 1189 1190 1191 1192 1194 1196 1197 1198 1199 1200 1201 1202 1203 1204 1205 1206 1207 1208 1209 1210 1211 1212 1213 1214 1216 1217 1219 1220 1221 1222 1223 1224 1225 1226 1227 1228 1229 1231 1232 1233 1234 1235 1236 1237 1239 1241 1242 1243 1245 1246 1247 1248 1249 1250 1251 1252 1253 1254 1255 1256 1257 1258 1259 1260 1261 1263 1266 1267 1270 1271 1273 1274 1275 1276 1277 1281 1282 1283 1284 1285 1286 1288 1289 1290 1291 1292 1293 1294 1295 1296 1297 1298 1299 1300 1302 1303 1305 1306 1307 1308 1309 1310 1311 1312 1313 1314 1315 1316 1317 1320 1321 1322 1323 1324 1325 1326 1327 1328 1329 1330 1331 1335 1339 1340 1341 1342 1343 1345 1346 1348 1349 1350 1351 1352 1353 1354 1355 1357 1360 1362 1363 1364 1369 1371 1372 1373 1374 1375 1376 1377 1378 1381 1382 1383 1384 1385 1388 1389 1390 1391 1392 1394 1395 1396 1398 1401 1402 1403 1406 1408 1409 1412 1413 1416 1417 1418 1419 1420 1421 1422 1423 1426 1428 1432 1433 1434 1435 1436 1438 1439 1440 1441 1442 1443 1444 1446 1448 1449 1450 1451 1452 1453 1454 1455 1456 1457 1458 1459 1460 1461 1463 1465 1467 1470 1471 1472 1473 1474 1475 1476 1478 1479 1480 1481 1482 1483 1484 1485 1486 1487 1488 1489 1491 1492 1493 1494 1495 1496 1497 1498 1500 1501 1502 1503 1504 1505 1507 1508 1509 1510 1512 1513 1514 1517 1520 1521 1522 1523 1524 1525 1527 1528 1529 1530 1531 1532 1533 1536 1537 1538 1539 1540 1541 1542 1543 1544 1546 1547 1548 1550 1551 1552 1553 1557 1558 1559 1560 1561 1562 1564 1566 1568 1569 1570 1571 1575 1576 1577 1579 1580 1581 1583 1584 1585 1586 1587 1593 1595 1597 1598 1599 1600 1601 1602 1603 1606 1607 1609 1612 1616 1620 1621 1622 1623 1624 1626 1628 1629 1630 1632 1633 1635 1636 1638 1640 1642 1643 1644 1645 1646 1650 1651 1652 1653 1654 1655 1656 1657 1660 1662 1663 1664 1665 1666 1667 1668 1669 1670 1671 1672 1673 1674 1675 1677 1678 1680 1681 1682 1683 1684 1685 1689 1690 1691 1692 1693 1696 1698 1699 1700 1701 1702 1703 1704 1705 1707 1708 1709 1711 1714 1715 1716 1717 1718 1719 1720 1721 1722 1723 1724 1725 1726 1727 1728 1729 1732 1733 1734 1735 1737 1738 1739 1740 1741 1742 1744 1745 1747 1748 1749 1750 1751 1752 1753 1754 1755 1759 1760 1761 1762 1763 1764 1765 1766 1767 1768 1769 1772 1774 1775 1777 1778 1780 1781 1783 1784 1785 1787 1788 1789 1790 1791 1794 1795 1796 1797 1798 1799 1800 1802 1803 1804 1807 1808 1810 1811 1812 1813 1817 1820 1822 1825 1826 1827 1828 1829 1830 1832 1833 1834 1836 1837 1838 1839 1841 1842 1843 1844 1845 1846 1847 1848 1850 1851 1852 1853 1854 1855 1856 1857 1858 1859 1860 1861 1862 1864 1865 1866 1869 1871 1873 1874 1877 1878 1879 1880 1881 1882 1884 1885 1886 1889 1891 1896 1897 1898 1900 1902 1904 1905 1906 1907 1908 1909 1910 1912 1913 1914 1915 1916 1917 1919 1920 1921 1923 1924 1925 1926 1927 1928 1929 1930 1932 1933 1934 1936 1937 1939 1940 1941 1942 1943 1944 1945 1946 1948 1950 1951 1954 1955 1956 1957 1958 1959 1960 1963 1964 1965 1966 1968 1969 1972 1973 1974 1976 1977 1978 1980 1981 1982 1984 1985 1986 1987 1988 1989 1990 1991 1993 1994 1995 1996 1997 1998 1999 2000 2001 2002 2003 2004 2005 2006 2007 2009 2010 2012 2014 2015 2017 2019 2020 2023 2024 2026 2027 2028 2029 2030 2031 2032 2034 2035 2038 2039 2042 2043 2044 2045 2046 2047 2048 2049 2050 2051 2052 2053 2054 2057 2058 2060 2062 2063 2064 2065 2067 2069 2070 2071 2073 2075 2076 2077 2078 2080 2081 2082 2083 2084 2086 2087 2089 2090 2091 2092 2093 2094 2096 2097 2098 2100 2102 2103 2105 2106 2107 2108 2109 2111 2112 2113 2114 2115 2116 2117 2120 2121 2122 2123 2130 2131 2132 2133 2134 2135 2137 2138 2140 2141 2142 2144 2146 2148 2150 2152 2156 2157 2158 2159 2160 2161 2164 2167 2168 2169 2170 2171 2172 2173 2174 2176 2177 2179 2180 2181 2182 2183 2184 2185 2187 2188 2190 2191 2192 2193 2194 2195 2197 2198 2199 2200 2202 2203 2204 2205 2206 2207 2208 2209 2211 2212 2216 2217 2218 2220 2221 2222 2225 2227 2228 2230 2232 2233 2235 2237 2238 2241 2242 2243 2244 2245 2246 2247 2248 2249 2250 2251 2254 2255 2256 2257 2258 2259 2260 2261 2262 2263 2265 2266 2267 2268 2269 2270 2271 2272 2273 2274 2275 2276 2277 2278 2279 2280 2281 2282 2284 2285 2287 2288 2289 2291 2292 2293 2294 2296 2297 2298 2299 2300 2301 2302 2303 2304 2305 2307 2308 2309 2310 2311 2312 2314 2315 2316 2317 2319 2320 2321 2322 2325 2326 2328 2329 2330 2331 2332 2335 2336 2337 2339 2340 2344 2346 2347 2348 2350 2353 2355 2357 2360 2361 2364 2369 2371 2373 2374 2375 2376 2377 2379 2380 2381 2382 2384 2385 2386 2387 2388 2389 2390 2391 2392 2393 2394 2395 2396 2397 2398 2399 2400 2401 2402 2403 2404 2405 2406 2407 2411 2412 2413 2414 2415 2416 2417 2418 2419 2420 2421 2423 2424 2425 2426 2427 2428 2430 2432 2433 2434 2435 2436 2437 2439 2441 2442 2445 2446 2447 2448 2449 2450 2451 2452 2454 2457 2459 2460 2461 2465 2466 2468 2469 2470 2471 2473 2474 2475 2476 2477 2479 2480 2481 2482 2483 2484 2485 2486 2487 2489 2490 2492 2494 2496 2497 2498 2500 2501 2502 2505 2507 2508 2509 2510 2511 2512 2514 2515 2516 2517 2518 2519 2520 2521 2522 2523 2524 2526 2527 2529 2530 2531 2532 2534 2535 2536 2537 2538 2539 2540 2541 2542 2543 2545 2547 2548 2549 2550 2551 2552 2554 2555 2556 2557 2558 2559 2563 2564 2565 2566 2567 2568 2569 2570 2572 2573 2574 2576 2577 2579 2580 2584 2585 2587 2589 2590 2591 2592 2593 2594 2595 2596 2597 2598 2599 2600 2601 2602 2603 2604 2605 2606 2608 2609 2610 2611 2612 2613 2614 2615 2616 2617 2618 2620 2621 2623 2624 2626 2628 2629 2631 2633 2634 2635 2636 2637 2638 2640 2641 2642 2643 2644 2645 2646 2647 2648 2649 2650 2653 2654 2655 2656 2657 2659 2660 2661 2662 2663 2664 2665 2667 2669 2670 2674 2675 2676 2677 2678 2679 2680 2681 2682 2683 2684 2686 2687 2689 2692 2693 2695 2696 2697 2698 2700 2701 2703 2704 2705 2706 2707 2708 2709 2710 2711 2712 2713 2716 2717 2720 2721 2723 2724 2726 2729 2730 2731 2732 2736 2737 2738 2739 2740 2742 2743 2744 2746 2748 2749 2751 2753 2754 2755 2757 2758 2759 2760 2761 2764 2765 2766 2767 2770 2771 2772 2773 2776 2777 2778 2779 2780 2781 2782 2783 2784 2785 2788 2789 2791 2792 2793 2795 2800 2801 2802 2803 2804 2805 2806 2808 2809 2811 2812 2813 2814 2815 2816 2817 2818 2819 2820 2822 2823 2824 2825 2826 2827 2829 2830 2832 2834 2837 2838 2839 2841 2842 2843 2847 2848 2849 2850 2851 2852 2853 2855 2856 2857 2858 2859 2860 2861 2862 2865 2866 2867 2868 2869 2870 2871 2872 2875 2876 2877 2878 2879 2881 2882 2883 2884 2886 2887 2890 2891 2892 2893 2894 2895 2896 2897 2898 2899 2901 2902 2904 2905 2906 2907 2909 2910 2911 2912 2913 2914 2916 2917 2918 2920 2921 2922 2923 2924 2925 2927 2928 2929 2931 2932 2933 2934 2935 2937 2938 2939 2940 2941 2942 2943 2944 2946 2947 2948 2950 2952 2953 2954 2955 2956 2957 2959 2960 2961 2962 2963 2964 2965 2966 2967 2968 2969 2972 2973 2975 2976 2977 2979 2982 2984 2985 2986 2987 2988 2991 2992 2993 2994 2995 2996 2999 3000 3001 3003 3004 3006 3007 3010 3011 3012 3013 3014 3016 3017 3019 3020 3021 3023 3025 3026 3027 3028 3029 3030 3035 3036 3037 3038 3039 3041 3042 3043 3046 3049 3050 3051 3052 3053 3054 3055 3056 3057 3058 3059 3061 3062 3063 3065 3066 3067 3068 3069 3072 3073 3074 3076 3077 3078 3079 3080 3081 3082 3083 3084 3085 3087 3089 3090 3091 3093 3094 3096 3097 3099 3100 3101 3105 3107 3108 3110 3112 3113 3114 3117 3118 3119 3120 3121 3122 3123 3124 3125 3126 3128 3129 3130 3131 3133 3135 3136 3137 3138 3143 3145 3146 3147 3148 3149 3150 3152 3153 3155 3156 3157 3158 3159 3161 3163 3164 3165 3166 3167 3169 3170 3171 3173 3174 3176 3177 3178 3179 3180 3181 3182 3183 3184 3185 3186 3187 3188 3189 3190 3191 3193 3195 3197 3202 3203 3205 3206 3207 3208 3209 3210 3212 3213 3214 3216 3217 3218 3219 3221 3223 3224 3225 3226 3227 3229 3231 3232 3233 3234 3236 3237 3238 3239 3240 3241 3243 3245 3246 3247 3248 3249 3250 3251 3252 3253 3254 3255 3256 3257 3258 3259 3262 3263 3264 3265 3266 3268 3271 3272 3273 3274 3277 3279 3280 3281 3284 3285 3286 3288 3289 3290 3291 3293 3294 3295 3297 3298 3299 3300 3302 3305 3306 3309 3310 3311 3314 3316 3317 3319 3320 3321 3323 3325 3327 3328 3329 3330 3331 3332 3334 3338 3341 3342 3347 3349 3350 3352 3353 3354 3356 3359 3360 3361 3362 3363 3365 3366 3367 3368 3369 3371 3372 3374 3375 3376 3377 3379 3380 3381 3382 3384 3385 3386 3387 3388 3389 3391 3392 3393 3395 3397 3398 3399 3400 3401 3402 3404 3405 3406 3407 3410 3411 3412 3413 3414 3416 3417 3418 3423 3425 3426 3428 3429 3430 3432 3433 3434 3438 3440 3441 3442 3443 3445 3446 3447 3448 3449 3450 3451 3452 3453 3455 3456 3457 3459 3461 3462 3463 3464 3466 3467 3468 3469 3470 3471 3472 3474 3475 3476 3477 3478 3479 3480 3481 3482 3483 3484 3485 3486 3487 3488 3489 3490 3491 3492 3493 3494 3495 3496 3498 3500 3502 3503 3504 3505 3506 3509 3510 3513 3514 3515 3517 3518 3519 3520 3522 3525 3526 3527 3528 3529 3531 3532 3534 3535 3536 3538 3539 3540 3541 3542 3543 3547 3548 3550 3551 3552 3554 3555 3556 3558 3559 3560 3561 3563 3564 3565 3566 3567 3568 3569 3570 3571 3572 3573 3574 3576 3577 3578 3579 3581 3582 3583 3585 3587 3588 3590 3591 3593 3594 3596 3597 3598 3599 3600 3601 3602 3604 3606 3608 3609 3612 3614 3615 3617 3618 3619 3620 3621 3622 3623 3624 3625 3626 3627 3628 3630 3631 3632 3633 3636 3637 3639 3640 3641 3642 3643 3646 3648 3649 3650 3651 3652 3653 3654 3655 3656 3658 3660 3661 3662 3663 3664 3665 3666 3670 3672 3674 3675 3676 3677 3678 3679 3680 3682 3683 3684 3685 3686 3690 3691 3693 3694 3695 3696 3697 3699 3700 3701 3703 3704 3706 3707 3708 3709 3711 3712 3713 3714 3715 3716 3717 3718 3719 3720 3721 3722 3723 3724 3725 3727 3728 3729 3731 3732 3733 3736 3737 3738 3741 3742 3744 3745 3746 3747 3748 3749 3750 3751 3752 3753 3754 3755 3756 3758 3759 3760 3761 3763 3764 3765 3766 3767 3768 3769 3770 3771 3773 3774 3775 3776 3777 3778 3779 3781 3782 3783 3784 3785 3787 3788 3792 3793 3794 3795 3796 3797 3798 3799 3800 3802 3803 3805 3806 3807 3808 3809 3810 3811 3812 3813 3814 3816 3817 3818 3820 3821 3822 3824 3825 3826 3827 3828 3829 3830 3831 3832 3833 3834 3836 3838 3839 3840 3841 3842 3843 3844 3845 3846 3847 3848 3850 3851 3852 3853 3854 3855 3856 3859 3860 3861 3862 3863 3864 3866 3868 3870 3871 3873 3874 3875 3876 3877 3878 3879 3880 3881 3882 3884 3885 3886 3887 3888 3889 3890 3891 3892 3893 3894 3895 3898 3899 3900 3901 3904 3906 3907 3908 3909 3910 3911 3912 3914 3915 3917 3918 3919 3920 3921 3922 3923 3924 3925 3926 3927 3928 3929 3930 3931 3932 3933 3934 3935 3937 3938 3939 3941 3942 3944 3946 3947 3948 3949 3950 3952 3953 3954 3955 3958 3959 3961 3962 3963 3964 3965 3966 3967 3968 3970 3972 3973 3974 3976 3977 3978 3979 3981 3983 3985 3986 3987 3989 3990 3993 3994 3995 3996 3997 3999 4000 4001 4002 4003 4004 4005 4006 4007 4008 4010 4011 4013 4015 4017 4018 4020 4021 4022 4023 4024 4025 4026 4027 4029 4030 4031 4033 4034 4035 4036 4037 4038 4040 4041 4043 4044 4045 4046 4047 4049 4050 4051 4053 4055 4056 4057 4059 4060 4061 4062 4063 4064 4065 4066 4069 4071 4074 4076 4078 4079 4081 4082 4083 4084 4085 4086 4088 4089 4090 4092 4094 4096 4097 4098 4099 4100 4103 4104 4106 4107 4109 4110 4111 4112 4113 4114 4115 4116 4117 4118 4119 4120 4121 4122 4124 4125 4126 4129 4130 4131 4132 4133 4134 4135 4136 4137 4138 4139 4140 4141 4142 4144 4146 4149 4152 4153 4154 4155 4157 4158 4159 4160 4161 4163 4164 4165 4166 4169 4171 4172 4174 4175 4176 4177 4178 4179 4180 4181 4182 4184 4186 4187 4188 4189 4191 4192 4193 4195 4196 4197 4198 4200 4201 4203 4205 4206 4207 4208 4209 4210 4212 4213 4214 4216 4217 4218 4219 4220 4221 4222 4223 4224 4226 4229 4230 4231 4233 4234 4235 4236 4237 4238 4240 4242 4244 4245 4248 4249 4251 4252 4254 4255 4256 4257 4258 4261 4262 4263 4264 4265 4266 4267 4268 4269 4272 4273 4274 4276 4277 4279 4280 4281 4282 4283 4284 4285 4286 4287 4288 4290 4291 4292 4293 4295 4297 4298 4299 4300 4301 4302 4303 4304 4305 4307 4308 4309 4310 4312 4313 4314 4315 4316 4317 4318 4319 4321 4325 4326 4328 4329 4330 4331 4332 4334 4336 4337 4339 4340 4341 4342 4343 4344 4345 4346 4347 4348 4349 4350 4351 4352 4354 4356 4358 4359 4363 4364 4365 4366 4368 4371 4372 4373 4374 4375 4376 4377 4378 4379 4380 4381 4382 4383 4384 4386 4387 4388 4389 4390 4391 4393 4394 4395 4397 4399 4400 4401 4402 4404 4405 4408 4409 4410 4411 4412 4413 4414 4415 4416 4417 4418 4419 4421 4422 4424 4425 4426 4427 4428 4429 4430 4432 4434 4436 4438 4443 4444 4445 4446 4447 4448 4449 4450 4451 4452 4454 4455 4456 4457 4458 4459 4460 4461 4462 4465 4466 4467 4468 4469 4470 4472 4476 4477 4480 4481 4482 4483 4485 4486 4487 4488 4489 4490 4491 4492 4493 4495 4496 4497 4499 4500 4501 4502 4503 4505 4506 4507 4509 4510 4512 4513 4516 4517 4518 4519 4520 4521 4522 4523 4524 4525 4526 4527 4528 4529 4532 4533 4534 4535 4537 4538 4539 4542 4543 4544 4545 4546 4550 4551 4552 4553 4555 4556 4557 4559 4561 4565 4566 4567 4568 4569 4570 4571 4572 4573 4574 4577 4578 4579 4580 4581 4582 4583 4584 4585 4586 4589 4591 4592 4594 4596 4597 4598 4599 4602 4603 4605 4606 4607 4608 4609 4610 4611 4612 4613 4614 4615 4616 4617 4618 4620 4621 4622 4623 4624 4625 4626 4627 4628 4629 4630 4631 4632 4633 4634 4635 4636 4637 4638 4640 4641 4643 4644 4646 4648 4649 4650 4651 4652 4653 4654 4655 4656 4657 4659 4660 4661 4662 4664 4665 4667 4668 4669 4670 4672 4674 4675 4676 4677 4678 4680 4681 4682 4683 4684 4685 4686 4687 4688 4690 4691 4692 4693 4694 4695 4697 4698 4700 4702 4703 4704 4705 4706 4707 4708 4709 4711 4712 4713 4714 4715 4716 4718 4719 4720 4721 4722 4723 4724 4725 4726 4727 4731 4732 4733 4734 4735 4736 4737 4738 4740 4741 4745 4746 4747 4748 4749 4751 4752 4753 4754 4755 4756 4757 4758 4759 4760 4761 4762 4765 4766 4767 4768 4770 4772 4773 4775 4776 4777 4778 4779 4782 4784 4786 4787 4788 4789 4790 4792 4793 4794 4795 4796 4797 4798 4800 4802 4803 4805 4806 4807 4808 4809 4811 4812 4815 4816 4817 4818 4819 4822 4823 4824 4825 4826 4827 4828 4829 4831 4832 4833 4836 4837 4838 4840 4842 4843 4844 4845 4846 4849 4851 4852 4853 4854 4855 4857 4858 4860 4861 4862 4863 4864 4865 4866 4869 4870 4871 4875 4876 4877 4878 4879 4880 4884 4885 4886 4888 4889 4891 4892 4893 4894 4895 4896 4897 4898 4899 4900 4901 4905 4906 4907 4908 4910 4911 4912 4913 4914 4915 4916 4917 4918 4920 4922 4925 4926 4927 4928 4931 4932 4933 4934 4935 4936 4938 4939 4940 4941 4942 4944 4945 4946 4947 4949 4950 4951 4952 4953 4954 4959 4960 4961 4962 4963 4964 4965 4966 4967 4968 4969 4972 4973 4975 4976 4978 4979 4980 4982 4983 4985 4986 4987 4988 4989 4991 4992 4993 4994 4995 4997 4998 4999 5000 5001 5002 5003 5004 5005 5006 5008 5010 5013 5014 5015 5016 5019 5020 5021 5023 5024 5025 5027 5028 5029 5031 5032 5033 5034 5035 5036 5037 5038 5039 5040 5041 5042 5043 5046 5047 5048 5049 5050 5051 5052 5054 5055 5056 5057 5061 5063 5064 5065 5067 5069 5070 5071 5072 5074 5075 5076 5077 5079 5080 5081 5082 5083 5084 5085 5087 5088 5090 5091 5092 5094 5095 5096 5098 5099 5100 5101 5102 5103 5104 5105 5106 5109 5110 5111 5112 5113 5114 5115 5116 5117 5118 5119 5120 5121 5122 5125 5126 5127 5128 5129 5130 5132 5133 5134 5135 5136 5138 5139 5142 5143 5145 5146 5147 5148 5150 5151 5153 5154 5155 5159 5160 5162 5163 5164 5166 5167 5168 5169 5171 5172 5174 5175 5176 5177 5178 5180 5182 5183 5185 5186 5187 5188 5190 5192 5193 5194 5195 5198 5199 5200 5201 5202 5203 5204 5205 5206 5207 5210 5211 5214 5215 5217 5218 5219 5220 5221 5222 5223 5225 5226 5227 5228 5230 5232 5233 5234 5235 5236 5237 5238 5239 5242 5243 5244 5245 5247 5250 5251 5252 5253 5254 5255 5257 5259 5262 5265 5267 5268 5269 5270 5271 5273 5274 5275 5276 5279 5280 5283 5284 5286 5287 5288 5290 5291 5292 5294 5296 5297 5298 5300 5301 5303 5304 5305 5306 5307 5308 5309 5312 5315 5317 5318 5319 5321 5322 5323 5325 5326 5327 5328 5329 5330 5331 5332 5333 5335 5336 5337 5338 5339 5340 5342 5343 5344 5345 5346 5347 5348 5349 5350 5351 5352 5354 5355 5356 5357 5359 5360 5362 5363 5366 5367 5369 5370 5371 5372 5373 5374 5376 5377 5378 5379 5380 5381 5383 5385 5386 5387 5388 5389 5390 5391 5392 5393 5395 5396 5398 5399 5400 5403 5404 5405 5406 5407 5408 5409 5410 5411 5412 5414 5416 5417 5418 5419 5420 5421 5422 5423 5424 5426 5427 5428 5429 5430 5431 5432 5433 5435 5437 5439 5440 5441 5442 5443 5445 5446 5447 5449 5450 5451 5452 5453 5455 5456 5457 5458 5459 5460 5462 5464 5465 5466 5467 5468 5469 5474 5475 5476 5477 5478 5481 5482 5483 5484 5485 5486 5487 5488 5489 5490 5493 5496 5497 5498 5499 5500 5501 5502 5503 5504 5505 5506 5507 5509 5511 5512 5513 5514 5515 5516 5517 5518 5520 5522 5523 5524 5526 5527 5530 5531 5532 5533 5535 5536 5539 5544 5546 5547 5548 5549 5550 5552 5553 5554 5555 5556 5557 5560 5562 5563 5565 5567 5570 5571 5572 5573 5574 5575 5576 5577 5578 5579 5580 5582 5587 5589 5590 5592 5593 5594 5595 5596 5597 5598 5600 5603 5606 5607 5608 5609 5611 5612 5613 5614 5617 5619 5620 5621 5622 5623 5624 5625 5627 5628 5629 5632 5634 5635 5636 5637 5639 5640 5641 5643 5644 5645 5646 5647 5649 5650 5651 5652 5653 5654 5656 5657 5659 5661 5662 5663 5664 5665 5666 5668 5669 5670 5671 5672 5673 5674 5675 5676 5678 5679 5680 5681 5682 5683 5684 5685 5686 5688 5689 5690 5691 5693 5694 5695 5696 5698 5699 5700 5701 5702 5703 5704 5705 5706 5707 5709 5710 5712 5715 5717 5718 5720 5721 5722 5723 5724 5725 5726 5727 5728 5730 5732 5733 5734 5737 5738 5739 5740 5741 5742 5743 5744 5745 5746 5747 5748 5749 5750 5754 5755 5756 5757 5758 5759 5760 5761 5762 5763 5764 5765 5766 5767 5768 5769 5772 5773 5774 5776 5777 5778 5780 5781 5782 5783 5784 5786 5787 5788 5789 5790 5792 5795 5796 5797 5798 5799 5800 5801 5802 5804 5805 5806 5807 5809 5810 5811 5812 5813 5814 5815 5816 5818 5819 5820 5821 5823 5824 5826 5827 5828 5829 5830 5833 5834 5835 5836 5837 5838 5840 5842 5843 5844 5845 5847 5848 5849 5852 5854 5855 5857 5858 5859 5860 5862 5864 5865 5866 5867 5868 5869 5871 5873 5874 5875 5876 5877 5878 5879 5881 5882 5883 5884 5885 5886 5888 5889 5890 5891 5892 5893 5894 5895 5899 5902 5903 5905 5906 5907 5908 5909 5910 5911 5912 5915 5916 5920 5921 5922 5923 5925 5926 5928 5929 5930 5931 5932 5933 5934 5935 5936 5937 5938 5939 5940 5941 5942 5943 5945 5946 5947 5950 5951 5952 5953 5954 5955 5956 5960 5962 5963 5964 5965 5966 5967 5968 5971 5972 5973 5974 5975 5977 5978 5979 5980 5981 5982 5983 5984 5985 5986 5987 5988 5989 5991 5992 5993 5994 5996 5998 5999 6000 6001 6002 6003 6004 6005 6006 6007 6008 6009 6010 6011 6012 6014 6015 6016 6019 6020 6021 6022 6023 6025 6026 6027 6028 6029 6030 6032 6033 6034 6036 6037 6038 6039 6040 6041 6042 6043 6044 6046 6047 6048 6050 6051 6052 6053 6054 6056 6057 6058 6059 6060 6062 6063 6064 6066 6067 6068 6069 6070 6071 6072 6073 6074 6075 6076 6077 6079 6080 6083 6084 6085 6086 6087 6088 6090 6091 6092 6094 6096 6097 6099 6100 6101 6103 6104 6105 6106 6107 6108 6109 6111 6112 6113 6114 6116 6118 6119 6120 6121 6124 6125 6126 6127 6128 6129 6130 6131 6132 6133 6136 6137 6138 6139 6140 6141 6142 6143 6144 6145 6147 6148 6149 6151 6152 6153 6154 6155 6157 6160 6163 6164 6165 6166 6167 6168 6169 6171 6172 6173 6174 6175 6176 6177 6180 6181 6183 6185 6186 6187 6189 6190 6192 6193 6194 6195 6196 6198 6199 6200 6201 6202 6203 6204 6205 6207 6208 6210 6211 6212 6213 6215 6217 6218 6220 6221 6223 6224 6225 6227 6229 6230 6232 6233 6236 6237 6238 6239 6240 6241 6242 6243 6244 6246 6247 6249 6250 6251 6252 6253 6254 6255 6256 6257 6259 6261 6262 6265 6266 6268 6270 6271 6273 6274 6275 6276 6277 6278 6279 6280 6281 6282 6285 6286 6287 6288 6289 6290 6291 6292 6293 6294 6295 6296 6297 6298 6299 6300 6301 6302 6303 6304 6305 6306 6307 6308 6309 6311 6312 6313 6315 6316 6317 6318 6319 6320 6321 6322 6324 6325 6326 6327 6329 6331 6332 6335 6336 6337 6339 6340 6341 6342 6344 6346 6347 6349 6350 6351 6352 6353 6354 6355 6356 6357 6358 6359 6360 6361 6363 6364 6365 6367 6368 6369 6370 6371 6372 6373 6375 6376 6377 6380 6382 6383 6384 6385 6387 6388 6390 6392 6393 6394 6396 6399 6400 6401 6402 6403 6405 6406 6407 6408 6409 6410 6411 6412 6414 6415 6416 6417 6419 6420 6421 6423 6425 6426 6427 6428 6429 6430 6431 6432 6434 6435 6436 6437 6438 6439 6440 6442 6443 6445 6447 6448 6449 6450 6451 6452 6453 6455 6456 6459 6462 6463 6464 6465 6468 6469 6470 6471 6472 6473 6476 6477 6478 6479 6480 6482 6483 6484 6485 6486 6487 6488 6490 6491 6492 6494 6495 6496 6497 6498 6499 6501 6503 6505 6506 6507 6508 6509 6510 6511 6512 6514 6515 6518 6520 6521 6523 6524 6525 6527 6529 6530 6531 6533 6534 6535 6538 6539 6540 6542 6544 6545 6547 6548 6550 6551 6552 6553 6554 6555 6556 6557 6558 6561 6562 6563 6564 6565 6567 6568 6570 6572 6573 6575 6576 6577 6578 6579 6580 6582 6583 6584 6586 6587 6588 6590 6593 6594 6595 6596 6597 6599 6600 6602 6603 6604 6606 6607 6609 6610 6611 6612 6614 6615 6616 6617 6618 6619 6620 6621 6623 6624 6626 6627 6629 6631 6632 6634 6635 6636 6638 6639 6641 6642 6643 6644 6645 6646 6647 6648 6649 6650 6651 6652 6653 6655 6656 6658 6660 6661 6664 6665 6667 6668 6669 6670 6673 6674 6676 6677 6678 6679 6680 6682 6683 6684 6685 6686 6687 6689 6690 6691 6693 6694 6697 6698 6699 6701 6705 6706 6707 6709 6710 6711 6713 6714 6715 6717 6718 6719 6720 6721 6722 6724 6725 6727 6728 6729 6730 6733 6734 6736 6737 6738 6739 6742 6744 6745 6746 6747 6748 6749 6750 6754 6755 6756 6757 6759 6760 6761 6762 6763 6764 6767 6768 6769 6771 6772 6774 6775 6776 6777 6778 6779 6780 6782 6783 6784 6785 6786 6787 6788 6789 6790 6791 6793 6794 6795 6796 6798 6799 6800 6802 6803 6805 6806 6807 6809 6811 6812 6813 6816 6819 6820 6825 6826 6827 6828 6829 6830 6833 6836 6838 6840 6841 6844 6845 6846 6847 6848 6850 6851 6852 6853 6854 6855 6857 6858 6859 6860 6861 6864 6865 6866 6867 6868 6870 6871 6872 6873 6875 6876 6877 6878 6879 6881 6882 6883 6884 6886 6887 6888 6889 6890 6891 6892 6893 6894 6896 6897 6899 6900 6901 6902 6903 6904 6906 6907 6908 6909 6910 6912 6913 6914 6917 6920 6921 6923 6924 6925 6927 6929 6930 6934 6935 6936 6937 6938 6940 6941 6942 6943 6944 6946 6947 6948 6949 6951 6952 6953 6954 6955 6956 6957 6958 6960 6961 6963 6964 6965 6966 6969 6970 6973 6974 6975 6976 6977 6978 6979 6980 6981 6983 6984 6985 6987 6988 6989 6990 6991 6993 6994 6995 6996 6998 6999 7001 7002 7005 7007 7010 7011 7012 7013 7014 7016 7017 7018 7020 7021 7022 7023 7024 7025 7026 7027 7028 7029 7032 7035 7036 7037 7040 7041 7042 7043 7044 7045 7046 7048 7050 7051 7053 7054 7055 7056 7057 7058 7060 7061 7062 7065 7066 7068 7069 7070 7071 7072 7073 7076 7078 7079 7080 7081 7082 7085 7086 7087 7088 7089 7090 7091 7092 7093 7094 7095 7096 7097 7098 7099 7100 7101 7102 7103 7104 7105 7106 7107 7108 7109 7110 7112 7113 7116 7117 7118 7119 7120 7121 7122 7123 7124 7126 7127 7128 7129 7130 7132 7133 7134 7135 7136 7137 7138 7139 7142 7143 7144 7146 7147 7148 7149 7150 7151 7152 7153 7154 7155 7156 7159 7160 7161 7162 7163 7164 7165 7166 7168 7169 7170 7171 7172 7173 7174 7176 7178 7179 7180 7182 7183 7184 7185 7186 7187 7188 7189 7190 7191 7192 7193 7195 7196 7197 7198 7199 7200 7201 7203 7204 7205 7207 7208 7209 7210 7211 7212 7213 7214 7216 7217 7218 7219 7220 7221 7222 7224 7225 7226 7227 7228 7229 7230 7231 7232 7233 7234 7235 7236 7237 7239 7241 7242 7243 7244 7245 7246 7248 7249 7250 7251 7253 7254 7255 7256 7257 7258 7259 7261 7262 7263 7264 7266 7267 7268 7270 7271 7274 7275 7276 7277 7278 7280 7281 7282 7283 7284 7285 7286 7287 7288 7289 7290 7293 7294 7295 7296 7297 7298 7300 7302 7303 7304 7305 7306 7307 7308 7309 7311 7312 7313 7314 7315 7316 7317 7318 7319 7320 7321 7322 7323 7325 7326 7327 7328 7329 7330 7331 7332 7335 7337 7338 7339 7340 7341 7342 7343 7344 7345 7348 7350 7351 7352 7353 7356 7357 7358 7359 7360 7363 7365 7366 7367 7368 7369 7370 7371 7372 7373 7374 7375 7376 7377 7378 7380 7381 7383 7384 7385 7388 7389 7390 7391 7392 7395 7396 7401 7402 7403 7404 7406 7408 7411 7412 7413 7415 7416 7417 7418 7419 7421 7422 7423 7427 7428 7429 7430 7431 7432 7433 7434 7435 7436 7437 7438 7439 7441 7442 7443 7444 7446 7450 7451 7452 7453 7456 7457 7458 7460 7461 7462 7463 7464 7465 7467 7468 7469 7470 7471 7472 7473 7474 7475 7476 7477 7479 7481 7482 7484 7485 7486 7487 7488 7489 7490 7491 7492 7493 7494 7495 7496 7498 7499 7501 7502 7503 7504 7506 7507 7508 7509 7510 7511 7512 7517 7518 7519 7521 7523 7525 7526 7528 7529 7530 7532 7533 7534 7535 7536 7539 7540 7541 7543 7544 7545 7546 7547 7548 7549 7551 7552 7553 7555 7556 7557 7558 7559 7560 7561 7563 7564 7566 7567 7568 7569 7570 7572 7573 7574 7575 7576 7577 7578 7579 7580 7581 7582 7584 7585 7586 7588 7589 7590 7591 7592 7594 7597 7598 7600 7601 7602 7605 7606 7607 7608 7609 7610 7611 7612 7614 7616 7617 7618 7620 7623 7624 7625 7626 7627 7629 7632 7633 7634 7636 7637 7638 7640 7641 7642 7644 7645 7646 7647 7648 7649 7650 7651 7652 7654 7655 7657 7658 7660 7661 7663 7664 7665 7666 7667 7670 7671 7673 7674 7676 7677 7679 7680 7683 7684 7686 7687 7689 7690 7692 7694 7697 7698 7699 7700 7701 7702 7704 7706 7708 7709 7710 7712 7713 7714 7716 7717 7718 7719 7720 7723 7725 7727 7728 7729 7730 7732 7733 7735 7736 7738 7743 7744 7746 7747 7749 7750 7752 7756 7757 7758 7760 7761 7762 7764 7765 7766 7767 7768 7771 7772 7773 7774 7775 7776 7777 7778 7781 7782 7784 7785 7787 7788 7789 7790 7791 7795 7796 7797 7798 7799 7800 7802 7803 7804 7805 7806 7810 7812 7814 7816 7817 7818 7819 7820 7821 7824 7826 7827 7828 7829 7831 7833 7834 7838 7839 7840 7841 7842 7844 7845 7846 7847 7848 7850 7851 7852 7853 7855 7857 7858 7859 7861 7862 7863 7865 7866 7871 7872 7873 7874 7875 7877 7879 7880 7881 7882 7884 7885 7886 7887 7891 7894 7895 7899 7901 7903 7904 7905 7908 7912 7913 7914 7916 7919 7920 7921 7922 7924 7925 7927 7928 7930 7931 7933 7935 7937 7938 7939 7940 7942 7943 7944 7945 7946 7947 7949 7950 7951 7952 7955 7957 7959 7960 7961 7962 7963 7964 7965 7967 7969 7970 7971 7972 7974 7975 7976 7977 7978 7980 7982 7983 7984 7985 7988 7989 7990 7991 7993 7994 7995 7996 7997 7998 8000 8002 8003 8009 8010 8011 8012 8014 8015 8016 8017 8018 8019 8020 8021 8022 8023 8024 8026 8027 8028 8029 8030 8031 8032 8033 8034 8035 8036 8039 8041 8042 8043 8044 8045 8046 8047 8048 8049 8050 8052 8055 8056 8057 8058 8059 8060 8061 8062 8063 8065 8067 8069 8070 8071 8072 8073 8074 8077 8078 8079 8082 8084 8092 8094 8095 8096 8097 8098 8100 8103 8105 8106 8107 8110 8112 8113 8114 8115 8116 8119 8120 8123 8125 8127 8129 8131 8133 8134 8136 8139 8140 8141 8142 8143 8145 8146 8149 8154 8155 8156 8157 8160 8163 8164 8165 8166 8167 8169 8171 8172 8173 8174 8176 8180 8184 8186 8187 8188 8191 8192 8194 8201 8202 8206 8207 8210 8211 8213 8219 8220 8222 8223 8224 8225 8226 8230 8240 8241 8249 8252 8254 8258 8259 8262 8265 8268 8274 8277 8282 8283 8285 8289 8292 8294 8297 8298 8300 8302 8310 8311 8315 8317 8319 8322 8324 8327 8328 8332 8334 8336 8341 8342 8343 8344 8345 8349 8350 8351 8352 8353 8356 8357 8359 8360 8362 8363 8366 8368 8372 8376 8379 8381 8383 8385 8387 8390 8392 8393 8406 8407 8408 8410 8411 8413 8414 8415 8416 8419 8425 8427 8429 8430 8432 8433 8434 8435 8436 8437 8440 8441 8443 8444 8445 8446 8447 8448 8449 8451 8452 8453 8455 8456 8457 8458 8460 8463 8464 8467 8469 8470 8471 8474 8476 8478 8479 8480 8482 8487 8490 8491 8495 8497 8498 8499 8501 8503 8505 8507 8509 8510 8511 8514 8515 8516 8518 8519 8520 8521 8522 8523 8526 8527 8528 8529 8530 8533 8535 8539 8540 8542 8543 8544 8547 8548 8549 8550 8551 8554 8555 8556 8557 8559 8560 8561 8562 8564 8565 8566 8567 8568 8570 8571 8574 8575 8578 8579 8580 8581 8583 8587 8588 8589 8593 8594 8596 8598 8599 8600 8601 8602 8603 8605 8606 8608 8609 8612 8613 8614 8615 8616 8617 8618 8621 8622 8623 8624 8625 8626 8627 8629 8630 8631 8632 8634 8635 8636 8637 8638 8639 8641 8642 8643 8644 8645 8646 8647 8650 8651 8652 8653 8654 8655 8656 8657 8658 8659 8661 8662 8663 8664 8665 8666 8667 8668 8669 8671 8672 8673 8674 8675 8676 8677 8678 8679 8680 8681 8682 8683 8684 8685 8686 8687 8689 8690 8691 8692 8693 8694 8696 8697 8698 8700 8701 8702 8703 8704 8705 8706 8707 8708 8709 8710 8711 8712 8713 8714 8716 8717 8719 8720 8721 8722 8723 8724 8725 8727 8728 8729 8730 8731 8732 8733 8734 8735 8736 8737 8738 8739 8741 8742 8743 8744 8745 8746 8747 8748 8749 8750 8751 8753 8754 8755 8756 8757 8759 8760 8761 8762 8763 8764 8765 8766 8767 8768 8769 8770 8771 8772 8773 8774 8775 8776 8777 8778 8779 8780 8781 8782 8783 8784 8785 8786 8787 8788 8789 8790 8791 8792 8793 8794 8795 8796 8797 8798 8799 8800 8801 8802 8803 8804 8805 8806 8807 8808 8809 8810 8811 8812 8813 8815 8816 8817 8818 8819 8820 8821 8822 8823 8824 8825 8826 8827 8828 8829 8830 8831 8832 8833 8834 8835 8836 8837 8838 8839 8840 8841 8842 8843 8844 8845 8846 8847 8848 8849 8850 8851 8852 8853 8854 8855 8856 8857 8858 8859 8860 8861 8862 8863 8864 8865 8866 8867 8868 8869 8870 8871 8872 8873 8874 8875 8876 8877 8878 8879 8880 8881 8882 8883 8884 8885 8886 8887 8888 8889 8890 8891 8892 8893 8894 8895 8896 8897 8898 8899 8900 8901 8902 8903 8904 8905 8906 8907 8908 8909 8910 8911 8912 8913 8914 8915 8916 8917 8918 8919 8920 8921 8922 8923 8924 8925 8926 8927 8928 8929 8930 8931 8932 8933 8934 8935 8936 8937 8938 8939 8940 8941 8942 8943 8944 8945 8946 8947 8948 8949 8950 8951 8952 8953 8954 8955 8956 8957 8958 8959 8960 8961 8962 8963 8964 8965 8966 8967 8968 8969 8970 8971 8972 8973 8974 8975 8976 8977 8978 8979 8980 8981 8982 8983 8984 8985 8986 8987 8988 8989 8990 8991 8992 8993 8994 8995 8996 8997 8998 8999 9000 9001 9002 9003 9004 9005 9006 9007 9008 9009 9010 9011 9012 9013 9014 9015 9016 9017 9018 9019 9020 9021 9022 9023 9024 9025 9026 9027 9028 9029 9030 9031 9032 9033 9034 9035 9036 9037 9038 9039 9040 9041 9042 9043 9044 9045 9046 9047 9048 9049 9050 9051 9052 9053 9054 9055 9056 9057 9058 9059 9060 9061 9062 9063 9064 9065 9066 9067 9068 9069 9070 9071 9072 9073 9074 9075 9076 9077 9078 9079 9080 9081 9082 9083 9084 9085 9086 9087 9088 9089 9090 9091 9092 9093 9094 9095 9096 9097 9098 9099 9100 9101 9102 9103 9104 9105 9106 9107 9108 9109 9110 9111 9112 9113 9114 9115 9116 9117 9118 9119 9120 9121 9122 9123 9124 9125 9126 9127 9128 9129 9130 9131 9132 9133 9134 9135 9136 9137 9138 9139 9140 9141 9142 9143 9144 9145 9146 9147 9148 9149 9150 9151 9152 9153 9154 9155 9156 9157 9158 9159 9160 9161 9162 9163 9164 9165 9166 9167 9168 9169 9170 9171 9172 9173 9174 9175 9176 9177 9178 9179 9180 9181 9182 9183 9184 9185 9186 9187 9188 9189 9190 9191 9192 9193 9194 9195 9196 9197 9198 9199 9200 9201 9202 9203 9204 9205 9206 9207 9208 9209 9210 9211 9212 9213 9214 9215 9216 9217 9218 9219 9220 9221 9222 9223 9224 9225 9226 9227 9228 9229 9230 9231 9232 9233 9234 9235 9236 9237 9238 9239 9240 9241 9242 9243 9244 9245 9246 9247 9248 9249 9250 9251 9252 9253 9254 9255 9256 9257 9258 9259 9260 9261 9262 9263 9264 9265 9266 9267 9268 9269 9270 9271 9272 9273 9274 9275 9276 9277 9278 9279 9280 9281 9282 9283 9284 9285 9286 9287 9289 9290 9291 9292 9293 9294 9295 9296 9297 9298 9299 9300 9301 9302 9303 9304 9305 9307 9308 9309 9310 9312 9313 9314 9315 9316 9317 9318 9319 9320 9321 9322 9323 9324 9325 9326 9327 9328 9329 9332 9333 9334 9335 9336 9337 9338 9339 9340 9341 9342 9343 9344 9345 9346 9347 9348 9349 9350 9351 9352 9353 9354 9355 9356 9357 9358 9359 9360 9361 9362 9363 9365 10997 10998 1014 3292 1358 8628 4068 3275 2226 878 868 11005 6018 1079 11014 11015 11016 11017 11018 7077
	}
	manpower=467150
	buildings_max_level_factor=1.000
	state_category=town
	local_supplies=0.000
}
