
state={
	id=22
	name="STATE_22"

	history={
		owner = CHU
		add_core_of = CHU
		victory_points = {
			4804 15 
		}
		buildings = {
			infrastructure = 2

		}

	}

	provinces={
		7 34 81 201 238 248 286 299 301 382 440 475 488 520 566 617 677 776 808 814 843 846 888 951 1149 1265 1365 1366 1424 1573 1648 1757 1776 1876 1883 1952 1970 1979 2151 2223 2264 2409 2561 2671 2786 2798 2974 3132 3192 3196 3315 3336 3343 3422 3523 3659 3837 3867 4095 4361 4478 4511 4595 4750 4799 4804 4813 5058 5196 5281 5289 5341 5491 5534 5541 5551 5561 5660 5713 5714 5736 5803 5913 5959 6055 6170 6178 6258 6269 6333 6413 6517 6732 6741 6753 6801 6814 6815 6817 6818 6821 6822 6823 6824 6831 6832 6834 6835 6837 6839 6842 6843 6849 6862 6863 6874 6880 6885 6895 6928 6939 6945 6962 6972 7047 7067 7111 7115 9288 
	}
	manpower=467150
	buildings_max_level_factor=1.000
	state_category=town
	local_supplies=0.000
}
