
state={
	id=23
	name="STATE_23"

	history={
		owner = CHU
		add_core_of = CHU
		victory_points = {
			127 15 
		}
		buildings = {
			infrastructure = 2

		}

	}

	provinces={
		6 30 85 127 134 171 179 196 233 297 508 523 547 570 587 637 859 864 887 920 966 975 996 1005 1009 1051 1140 1162 1268 1319 1344 1431 1462 1518 1688 1694 1695 1706 1756 1758 1819 1863 1895 1971 2074 2101 2219 2462 2702 2734 2840 2951 3048 3092 3348 3370 3454 3634 3689 3857 3896 3980 4048 4162 4211 4275 4360 4575 4663 4839 4958 5018 5062 5108 5137 5141 5438 5448 5473 5479 5525 5581 5626 5775 5822 5853 5856 6209 6234 6532 6633 6637 6659 6662 6765 6856 6869 6905 6959 6968 6971 6986 7003 7006 7009 7039 7140 7175 7194 7334 7336 7382 7387 7393 7399 7405 7448 
	}
	manpower=467150
	buildings_max_level_factor=1.000
	state_category=town
	local_supplies=0.000
}
