
state={
	id=24
	name="STATE_24"

	history={
		owner = CHU
		add_core_of = CHU
		victory_points = {
			4246 15 
		}
		buildings = {
			infrastructure = 2

		}

	}

	provinces={
		122 177 239 257 308 311 348 417 568 591 601 624 686 722 799 819 848 938 1075 1112 1279 1304 1370 1415 1469 1515 1519 1565 1639 1793 1911 1938 1967 2085 2119 2129 2145 2149 2178 2240 2283 2365 2455 2464 2533 2575 2769 3198 3242 3270 3390 3394 3420 3545 3553 3762 3883 3903 3960 4128 4145 4243 4246 4270 4324 4547 4679 4729 4730 4810 4835 4990 5011 5173 5231 5260 5272 5310 5382 5861 5870 5904 6134 6248 6444 6460 6467 6536 6997 7004 7019 7031 7034 7038 7052 7059 7064 7074 7075 7114 7131 7145 7157 7158 7181 7324 7362 7364 7480 7531 7542 7565 9306 
	}
	manpower=467150
	buildings_max_level_factor=1.000
	state_category=town
	local_supplies=0.000
}
