
state={
	id=28
	name="STATE_28"

	history={
		owner = TAI
		add_core_of = TAI
		victory_points = {
			7656 15 
		}
		buildings = {
			infrastructure = 2

		}

	}

	provinces={
		73 77 89 110 364 397 399 565 583 595 635 685 885 984 1041 1098 1170 1193 1278 1397 1399 1405 1468 1511 1589 1713 1814 1875 2021 2022 2095 2126 2127 2162 2165 2831 2863 2983 3015 3060 3111 3194 3303 3521 3638 3865 3940 3951 4016 4091 4093 4185 4199 4645 4743 4820 5314 5461 6283 7500 7513 7516 7538 7550 7562 7583 7643 7656 7669 7696 7739 7755 
	}
	manpower=467150
	buildings_max_level_factor=1.000
	state_category=town
	local_supplies=0.000
}
